Company Name,Year,Cluster,Similarity,,,,
Agile,2018,0,0.5972,,,,
Agile,2019,4,0.6852,,,,
Agile,2022,4,0.5830,,,,
Cifi,2017,1,0.6402,,,,
Cifi,2018,1,0.6240,,,,
Cifi,2019,1,0.6291,,,,
Cifi,2020,1,0.6357,,,,
Cifi,2021,3,0.6493,,,,
Country Garden,2018,0,0.8018,,,,
Country Garden,2019,0,0.7395,,,,
Country Garden,2020,0,0.6926,,,,
Country Garden,2021,0,0.6218,,,,
Country Garden,2022,0,0.7155,,,,
Evergrande,2016,0,0.6603,,,,
Evergrande,2017,0,0.7310,,,,
Evergrande,2018,0,0.6875,,,,
Evergrande,2019,0,0.6842,,,,
Evergrande,2020,0,0.6409,,,,
Logan,2017,0,0.7788,,,,
Logan,2018,0,0.7522,,,,
Logan,2019,0,0.6584,,,,
Logan,2020,0,0.5415,,,,
Logan,2021,0,0.7009,,,,
Logan,2022,0,0.4943,,,,
Longfor,2018,0,0.6332,,,,
Longfor,2019,0,0.6233,,,,
Longfor,2020,0,0.7184,,,,
Longfor,2021,0,0.6502,,,,
Longfor,2022,0,0.6110,,,,
Seazen,2018,4,0.6453,,,,
Seazen,2019,4,0.6027,,,,
Seazen,2020,4,0.6780,,,,
Seazen,2021,4,0.6995,,,,
Seazen,2022,4,0.7194,,,,
Shimao,2016,4,0.7013,,,,
Shimao,2017,4,0.7778,,,,
Shimao,2018,4,0.7180,,,,
Shimao,2019,4,0.7019,,,,
Shimao,2020,4,0.6169,,,,
Sunac,2018,4,0.7208,,,,
Sunac,2019,0,0.7667,,,,
Sunac,2020,0,0.6633,,,,
Sunac,2021,0,0.6799,,,,
Sunac,2022,0,0.6165,,,,
Zhenro,2017,4,0.7165,,,,
Zhenro,2018,4,0.7242,,,,
Zhenro,2019,4,0.6177,,,,
Zhenro,2020,4,0.6245,,,,
Zhenro,2021,2,0.5444,,,,
Zhongliang,2019,4,0.7136,,,,
Zhongliang,2020,4,0.7217,,,,
Zhongliang,2021,4,0.7786,,,,
Zhongliang,2022,4,0.7557,,,,
,,,,,,,
,,,,,,,
,,,,,,,
